0 1
0 2
0 3
0 5
0 6
0 8
0 11
0 12
0 13
0 14
0 15
0 17
0 18
0 19
0 20
0 21
0 23
0 24
1 0
1 3
1 4
1 5
1 7
1 8
1 12
1 13
1 15
1 16
1 18
1 20
1 21
1 22
1 23
1 24
1 25
1 26
1 29
1 31
2 0
2 3
2 8
2 9
2 10
2 11
2 12
2 13
2 14
2 16
2 17
2 18
2 19
2 20
2 21
2 22
2 23
2 24
2 25
2 27
2 28
2 30
2 31
3 0
3 1
3 2
3 4
3 5
3 7
3 9
3 11
3 13
3 15
3 16
3 19
3 20
3 25
3 26
3 27
3 28
3 30
3 31
4 1
4 3
4 6
4 8
4 10
4 12
4 13
4 14
4 15
4 17
4 18
4 20
4 22
4 23
4 24
4 25
4 26
4 28
4 29
4 31
5 0
5 1
5 3
5 6
5 7
5 8
5 9
5 10
5 13
5 14
5 15
5 17
5 18
5 19
5 20
5 21
5 22
5 25
5 26
5 27
5 30
6 0
6 4
6 5
6 11
6 12
6 15
6 17
6 18
6 19
6 20
6 21
6 22
6 25
6 28
6 30
6 31
7 1
7 3
7 5
7 9
7 10
7 11
7 12
7 14
7 16
7 18
7 20
7 21
7 22
7 24
7 25
7 26
7 28
7 29
8 0
8 1
8 2
8 4
8 5
8 10
8 11
8 13
8 14
8 15
8 16
8 17
8 18
8 19
8 22
8 23
8 24
8 25
8 31
9 2
9 3
9 5
9 7
9 10
9 14
9 15
9 21
9 22
9 23
9 25
9 26
9 28
9 29
9 31
10 2
10 4
10 5
10 7
10 8
10 9
10 11
10 12
10 14
10 16
10 17
10 18
10 19
10 21
10 22
10 23
10 24
10 25
10 26
10 28
10 29
10 30
10 31
11 0
11 2
11 3
11 6
11 7
11 8
11 10
11 14
11 16
11 19
11 20
11 21
11 24
11 25
11 26
11 27
11 29
12 0
12 1
12 2
12 4
12 6
12 7
12 10
12 13
12 14
12 17
12 20
12 21
12 22
12 24
12 27
12 29
12 30
12 31
13 0
13 1
13 2
13 3
13 4
13 5
13 8
13 12
13 18
13 19
13 20
13 21
13 22
13 24
13 25
13 26
13 28
13 29
14 0
14 2
14 4
14 5
14 7
14 8
14 9
14 10
14 11
14 12
14 15
14 17
14 18
14 19
14 20
14 21
14 25
14 26
14 28
14 29
14 30
14 31
15 0
15 1
15 3
15 4
15 5
15 6
15 8
15 9
15 14
15 16
15 17
15 19
15 21
15 24
15 25
15 26
15 28
15 30
15 31
16 1
16 2
16 3
16 7
16 8
16 10
16 11
16 15
16 17
16 19
16 20
16 22
16 23
16 25
16 27
16 28
16 30
16 31
17 0
17 2
17 4
17 5
17 6
17 8
17 10
17 12
17 14
17 15
17 16
17 18
17 20
17 21
17 23
17 24
17 27
17 28
17 31
18 0
18 1
18 2
18 4
18 5
18 6
18 7
18 8
18 10
18 13
18 14
18 17
18 19
18 20
18 21
18 22
18 23
18 25
18 28
18 29
18 30
18 31
19 0
19 2
19 3
19 5
19 6
19 8
19 10
19 11
19 13
19 14
19 15
19 16
19 18
19 20
19 21
19 24
19 25
19 26
19 28
19 29
19 30
19 31
20 0
20 1
20 2
20 3
20 4
20 5
20 6
20 7
20 11
20 12
20 13
20 14
20 16
20 17
20 18
20 19
20 21
20 22
20 23
20 24
20 25
20 27
20 28
20 29
20 30
21 0
21 1
21 2
21 5
21 6
21 7
21 9
21 10
21 11
21 12
21 13
21 14
21 15
21 17
21 18
21 19
21 20
21 22
21 23
21 24
21 27
21 28
21 29
22 1
22 2
22 4
22 5
22 6
22 7
22 8
22 9
22 10
22 12
22 13
22 16
22 18
22 20
22 21
22 23
22 24
22 25
22 28
22 29
22 30
22 31
23 0
23 1
23 2
23 4
23 8
23 9
23 10
23 16
23 17
23 18
23 20
23 21
23 22
23 26
23 27
23 30
23 31
24 0
24 1
24 2
24 4
24 7
24 8
24 10
24 11
24 12
24 13
24 15
24 17
24 19
24 20
24 21
24 22
24 26
24 27
24 28
24 30
25 1
25 2
25 3
25 4
25 5
25 6
25 7
25 8
25 9
25 10
25 11
25 13
25 14
25 15
25 16
25 18
25 19
25 20
25 22
25 26
25 27
25 28
25 29
25 30
25 31
26 1
26 3
26 4
26 5
26 7
26 9
26 10
26 11
26 13
26 14
26 15
26 19
26 23
26 24
26 25
26 27
26 28
26 30
27 2
27 3
27 5
27 11
27 12
27 16
27 17
27 20
27 21
27 23
27 24
27 25
27 26
27 28
27 31
28 2
28 3
28 4
28 6
28 7
28 9
28 10
28 13
28 14
28 15
28 16
28 17
28 18
28 19
28 20
28 21
28 22
28 24
28 25
28 26
28 27
28 29
28 30
29 1
29 4
29 7
29 9
29 10
29 11
29 12
29 13
29 14
29 18
29 19
29 20
29 21
29 22
29 25
29 28
29 30
29 31
30 2
30 3
30 5
30 6
30 10
30 12
30 14
30 15
30 16
30 18
30 19
30 20
30 22
30 23
30 24
30 25
30 26
30 28
30 29
31 1
31 2
31 3
31 4
31 6
31 8
31 9
31 10
31 12
31 14
31 15
31 16
31 17
31 18
31 19
31 22
31 23
31 25
31 27
31 29
