0 4
0 5
0 6
0 8
0 9
0 10
0 12
0 15
0 17
0 19
0 21
0 22
0 23
0 24
0 25
0 26
0 27
0 28
0 30
0 31
2 5
2 19
2 23
2 25
2 26
2 28
2 30
3 5
3 6
3 19
3 24
3 30
4 0
4 5
4 10
4 17
4 19
4 20
4 24
4 25
4 28
4 30
5 0
5 2
5 3
5 4
5 6
5 12
5 15
5 16
5 19
5 22
5 23
5 24
5 26
5 28
5 30
6 0
6 3
6 5
6 9
6 10
6 15
6 19
6 22
6 25
6 26
6 28
6 30
6 31
7 16
7 19
7 22
7 23
7 25
8 0
8 15
8 19
8 22
8 26
9 0
9 6
9 16
9 17
9 19
9 22
9 24
9 25
9 26
9 30
10 0
10 4
10 6
10 15
10 17
10 19
10 20
10 22
10 24
10 28
10 30
11 18
12 0
12 5
12 30
13 17
13 19
13 22
13 24
14 19
15 0
15 5
15 6
15 8
15 10
15 16
15 17
15 18
15 19
15 22
15 24
15 25
15 26
15 27
15 28
15 29
15 30
15 31
16 5
16 7
16 9
16 15
16 17
16 19
16 21
16 25
16 31
17 0
17 4
17 9
17 10
17 13
17 15
17 16
17 19
17 20
17 24
17 28
17 30
17 31
18 11
18 15
18 19
18 22
19 0
19 2
19 3
19 4
19 5
19 6
19 7
19 8
19 9
19 10
19 13
19 14
19 15
19 16
19 17
19 18
19 20
19 21
19 22
19 23
19 24
19 25
19 26
19 28
19 29
19 30
19 31
20 4
20 10
20 17
20 19
20 22
20 24
20 30
21 0
21 16
21 19
22 0
22 5
22 6
22 7
22 8
22 9
22 10
22 13
22 15
22 18
22 19
22 20
22 23
22 24
22 25
22 26
22 28
22 30
22 31
23 0
23 2
23 5
23 7
23 19
23 22
23 24
23 27
23 31
24 0
24 3
24 4
24 5
24 9
24 10
24 13
24 15
24 17
24 19
24 20
24 22
24 23
24 25
24 28
24 30
24 31
25 0
25 2
25 4
25 6
25 7
25 9
25 15
25 16
25 19
25 22
25 24
25 30
26 0
26 2
26 5
26 6
26 8
26 9
26 15
26 19
26 22
26 29
26 30
26 31
27 0
27 15
27 23
27 28
28 0
28 2
28 4
28 5
28 6
28 10
28 15
28 17
28 19
28 22
28 24
28 27
28 29
28 30
29 15
29 19
29 26
29 28
29 30
30 0
30 2
30 3
30 4
30 5
30 6
30 9
30 10
30 12
30 15
30 17
30 19
30 20
30 22
30 24
30 25
30 26
30 28
30 29
30 31
31 0
31 6
31 15
31 16
31 17
31 19
31 22
31 23
31 24
31 26
31 30
